# b/R, abs(apm)/app, R = 6.624
0, nan
0.004, 0.0434602
0.008, 0.0435458
0.012, 0.0436317
0.016, 0.043718
0.02, 0.0438047
0.024, 0.0438917
0.028, 0.043979
0.032, 0.0440667
0.036, 0.0441548
0.04, 0.0442432
0.044, 0.044332
0.048, 0.0444212
0.052, 0.0445107
0.056, 0.0446007
0.06, 0.0446911
0.064, 0.0447818
0.068, 0.0448729
0.072, 0.0449644
0.076, 0.0450562
0.08, 0.0451485
0.084, 0.0452411
0.088, 0.0453341
0.092, 0.0454275
0.096, 0.0455212
0.1, 0.0456153
0.104, 0.0457098
0.108, 0.0458047
0.112, 0.0458999
0.116, 0.0459956
0.12, 0.0460917
0.124, 0.0461882
0.128, 0.0462852
0.132, 0.0463825
0.136, 0.0464804
0.14, 0.0465786
0.144, 0.0466772
0.148, 0.0467763
0.152, 0.0468758
0.156, 0.0469757
0.16, 0.0470761
0.164, 0.0471769
0.168, 0.0472782
0.172, 0.0473798
0.176, 0.047482
0.18, 0.0475845
0.184, 0.0476876
0.188, 0.047791
0.192, 0.0478949
0.196, 0.0479993
0.2, 0.0481041
0.204, 0.0482094
0.208, 0.0483152
0.212, 0.0484214
0.216, 0.0485281
0.22, 0.0486353
0.224, 0.0487429
0.228, 0.0488511
0.232, 0.0489597
0.236, 0.0490688
0.24, 0.0491784
0.244, 0.0492885
0.248, 0.0493991
0.252, 0.0495101
0.256, 0.0496217
0.26, 0.0497338
0.264, 0.0498464
0.268, 0.0499595
0.272, 0.0500732
0.276, 0.0501873
0.28, 0.050302
0.284, 0.0504172
0.288, 0.0505329
0.292, 0.0506492
0.296, 0.0507661
0.3, 0.0508835
0.304, 0.0510014
0.308, 0.0511199
0.312, 0.051239
0.316, 0.0513586
0.32, 0.0514788
0.324, 0.0515996
0.328, 0.051721
0.332, 0.0518429
0.336, 0.0519654
0.34, 0.0520885
0.344, 0.0522122
0.348, 0.0523365
0.352, 0.0524613
0.356, 0.0525868
0.36, 0.0527129
0.364, 0.0528397
0.368, 0.052967
0.372, 0.0530951
0.376, 0.0532237
0.38, 0.053353
0.384, 0.0534829
0.388, 0.0536134
0.392, 0.0537446
0.396, 0.0538764
0.4, 0.0540089
0.404, 0.0541421
0.408, 0.054276
0.412, 0.0544105
0.416, 0.0545457
0.42, 0.0546815
0.424, 0.054818
0.428, 0.0549552
0.432, 0.0550931
0.436, 0.0552317
0.44, 0.055371
0.444, 0.0555109
0.448, 0.0556515
0.452, 0.0557929
0.456, 0.055935
0.46, 0.0560778
0.464, 0.0562214
0.468, 0.0563657
0.472, 0.0565107
0.476, 0.0566565
0.48, 0.056803
0.484, 0.0569503
0.488, 0.0570983
0.492, 0.0572471
0.496, 0.0573966
0.5, 0.0575469
0.504, 0.0576979
0.508, 0.0578497
0.512, 0.0580023
0.516, 0.0581558
0.52, 0.0583101
0.524, 0.0584652
0.528, 0.0586212
0.532, 0.058778
0.536, 0.0589357
0.54, 0.0590942
0.544, 0.0592536
0.548, 0.0594138
0.552, 0.0595749
0.556, 0.0597369
0.56, 0.0598998
0.564, 0.0600636
0.568, 0.0602283
0.572, 0.0603938
0.576, 0.0605604
0.58, 0.0607278
0.584, 0.0608961
0.588, 0.0610654
0.592, 0.0612356
0.596, 0.0614067
0.6, 0.0615788
0.604, 0.0617519
0.608, 0.061926
0.612, 0.062101
0.616, 0.062277
0.62, 0.062454
0.624, 0.062632
0.628, 0.062811
0.632, 0.0629911
0.636, 0.0631723
0.64, 0.0633546
0.644, 0.0635379
0.648, 0.0637225
0.652, 0.0639081
0.656, 0.0640948
0.66, 0.0642825
0.664, 0.0644714
0.668, 0.0646612
0.672, 0.0648521
0.676, 0.0650441
0.68, 0.0652372
0.684, 0.0654315
0.688, 0.065627
0.692, 0.0658236
0.696, 0.0660215
0.7, 0.0662206
0.704, 0.0664208
0.708, 0.0666223
0.712, 0.066825
0.716, 0.0670288
0.72, 0.0672337
0.724, 0.0674399
0.728, 0.0676474
0.732, 0.0678561
0.736, 0.0680663
0.74, 0.0682777
0.744, 0.0684905
0.748, 0.0687046
0.752, 0.06892
0.756, 0.0691368
0.76, 0.069355
0.764, 0.0695745
0.768, 0.0697954
0.772, 0.0700178
0.776, 0.0702417
0.78, 0.070467
0.784, 0.0706938
0.788, 0.070922
0.792, 0.0711518
0.796, 0.071383
0.8, 0.0716158
0.804, 0.07185
0.808, 0.0720857
0.812, 0.0723229
0.816, 0.0725616
0.82, 0.072802
0.824, 0.0730439
0.828, 0.0732874
0.832, 0.0735325
0.836, 0.0737793
0.84, 0.0740276
0.844, 0.0742776
0.848, 0.0745292
0.852, 0.0747825
0.856, 0.0750375
0.86, 0.0752942
0.864, 0.0755528
0.868, 0.0758131
0.872, 0.0760752
0.876, 0.0763392
0.88, 0.0766051
0.884, 0.0768727
0.888, 0.0771422
0.892, 0.0774135
0.896, 0.0776867
0.9, 0.0779617
0.904, 0.0782387
0.908, 0.0785177
0.912, 0.0787986
0.916, 0.0790815
0.92, 0.0793665
0.924, 0.0796535
0.928, 0.0799427
0.932, 0.080234
0.936, 0.0805274
0.94, 0.080823
0.944, 0.0811209
0.948, 0.0814212
0.952, 0.0817237
0.956, 0.0820286
0.96, 0.0823355
0.964, 0.0826446
0.968, 0.0829559
0.972, 0.0832694
0.976, 0.0835852
0.98, 0.0839034
0.984, 0.0842239
0.988, 0.0845467
0.992, 0.084872
0.996, 0.0851998
1, 0.0855302
1.004, 0.0858632
1.008, 0.0861988
1.012, 0.0865371
1.016, 0.086878
1.02, 0.0872216
1.024, 0.0875678
1.028, 0.0879169
1.032, 0.0882686
1.036, 0.0886231
1.04, 0.0889803
1.044, 0.0893405
1.048, 0.0897035
1.052, 0.0900695
1.056, 0.0904385
1.06, 0.0908104
1.064, 0.0911854
1.068, 0.0915634
1.072, 0.0919445
1.076, 0.0923287
1.08, 0.0927161
1.084, 0.0931066
1.088, 0.0935005
1.092, 0.0938978
1.096, 0.0942985
1.1, 0.0947026
1.104, 0.0951101
1.108, 0.0955211
1.112, 0.0959357
1.116, 0.0963537
1.12, 0.0967751
1.124, 0.0972002
1.128, 0.097629
1.132, 0.0980617
1.136, 0.0984983
1.14, 0.098939
1.144, 0.0993834
1.148, 0.0998315
1.152, 0.100284
1.156, 0.100739
1.16, 0.101199
1.164, 0.101663
1.168, 0.102131
1.172, 0.102604
1.176, 0.10308
1.18, 0.103561
1.184, 0.104047
1.188, 0.104537
1.192, 0.105031
1.196, 0.10553
1.2, 0.106034
1.204, 0.106542
1.208, 0.107055
1.212, 0.107573
1.216, 0.108096
1.22, 0.108624
1.224, 0.109157
1.228, 0.109696
1.232, 0.110239
1.236, 0.110788
1.24, 0.111343
1.244, 0.111904
1.248, 0.112469
1.252, 0.11304
1.256, 0.113617
1.26, 0.114199
1.264, 0.114788
1.268, 0.115383
1.272, 0.115984
1.276, 0.11659
1.28, 0.117204
1.284, 0.117822
1.288, 0.118447
1.292, 0.119078
1.296, 0.119717
1.3, 0.120361
1.304, 0.121013
1.308, 0.121672
1.312, 0.122339
1.316, 0.123013
1.32, 0.123695
1.324, 0.124384
1.328, 0.125081
1.332, 0.125787
1.336, 0.126498
1.34, 0.127217
1.344, 0.127943
1.348, 0.128679
1.352, 0.129423
1.356, 0.130175
1.36, 0.130935
1.364, 0.131703
1.368, 0.13248
1.372, 0.133267
1.376, 0.134062
1.38, 0.134866
1.384, 0.135679
1.388, 0.136502
1.392, 0.137336
1.396, 0.138179
1.4, 0.139034
1.404, 0.139898
1.408, 0.140772
1.412, 0.141659
1.416, 0.142555
1.42, 0.143464
1.424, 0.144383
1.428, 0.145313
1.432, 0.146255
1.436, 0.147208
1.44, 0.148173
1.444, 0.14915
1.448, 0.150141
1.452, 0.151143
1.456, 0.15216
1.46, 0.15319
1.464, 0.154234
1.468, 0.155291
1.472, 0.156362
1.476, 0.157447
1.48, 0.158546
1.484, 0.15966
1.488, 0.160789
1.492, 0.161933
1.496, 0.163092
1.5, 0.164268
1.504, 0.16546
1.508, 0.166668
1.512, 0.167894
1.516, 0.169138
1.52, 0.1704
1.524, 0.171679
1.528, 0.172977
1.532, 0.174292
1.536, 0.175628
1.54, 0.176986
1.544, 0.178362
1.548, 0.179758
1.552, 0.181174
1.556, 0.18261
1.56, 0.184068
1.564, 0.185551
1.568, 0.187058
1.572, 0.188587
1.576, 0.190141
1.58, 0.191717
1.584, 0.193323
1.588, 0.194952
1.592, 0.196611
1.596, 0.198299
1.6, 0.200002
1.604, 0.201744
1.608, 0.203509
1.612, 0.205304
1.616, 0.207135
1.62, 0.208994
1.624, 0.210882
1.628, 0.212808
1.632, 0.214763
1.636, 0.216751
1.64, 0.218777
1.644, 0.22084
1.648, 0.222939
1.652, 0.225077
1.656, 0.227256
1.66, 0.229471
1.664, 0.23173
1.668, 0.234035
1.672, 0.236378
1.676, 0.238761
1.68, 0.241194
1.684, 0.243674
1.688, 0.246208
1.692, 0.248792
1.696, 0.251419
1.7, 0.254097
1.704, 0.25683
1.708, 0.259612
1.712, 0.262458
1.716, 0.265372
1.72, 0.268346
1.724, 0.27138
1.728, 0.274478
1.732, 0.277644
1.736, 0.280877
1.74, 0.284181
1.744, 0.287556
1.748, 0.291011
1.752, 0.294545
1.756, 0.29816
1.76, 0.30186
1.764, 0.305645
1.768, 0.309517
1.772, 0.313482
1.776, 0.317542
1.78, 0.321702
1.784, 0.325967
1.788, 0.330337
1.792, 0.334814
1.796, 0.339404
1.8, 0.344111
1.804, 0.348943
1.808, 0.353902
1.812, 0.358994
1.816, 0.364223
1.82, 0.369596
1.824, 0.375121
1.828, 0.380798
1.832, 0.386636
1.836, 0.392643
1.84, 0.398829
1.844, 0.405193
1.848, 0.411747
1.852, 0.4185
1.856, 0.42546
1.86, 0.43264
1.864, 0.440039
1.868, 0.447681
1.872, 0.455581
1.876, 0.463743
1.88, 0.472177
1.884, 0.480901
1.888, 0.489947
1.892, 0.499303
1.896, 0.508992
1.9, 0.519026
1.904, 0.529432
1.908, 0.540256
1.912, 0.551508
1.916, 0.563193
1.92, 0.57532
1.924, 0.587945
1.928, 0.601148
1.932, 0.614895
1.936, 0.629238
1.94, 0.644266
1.944, 0.659961
1.948, 0.676422
1.952, 0.693644
1.956, 0.711743
1.96, 0.730782
1.964, 0.750868
1.968, 0.772015
1.972, 0.794399
1.976, 0.818076
1.98, 0.843313
1.984, 0.870138
1.988, 0.898825
1.992, 0.929629
1.996, 0.963125
