# b/R, abs(apm)/app, R = 4.214
0, nan
0.004, 0.107567
0.008, 0.10775
0.012, 0.107934
0.016, 0.108118
0.02, 0.108304
0.024, 0.10849
0.028, 0.108676
0.032, 0.108864
0.036, 0.109052
0.04, 0.109241
0.044, 0.109431
0.048, 0.109621
0.052, 0.109812
0.056, 0.110004
0.06, 0.110197
0.064, 0.110391
0.068, 0.110585
0.072, 0.110781
0.076, 0.110977
0.08, 0.111173
0.084, 0.111371
0.088, 0.111569
0.092, 0.111769
0.096, 0.111969
0.1, 0.11217
0.104, 0.112371
0.108, 0.112574
0.112, 0.112778
0.116, 0.112982
0.12, 0.113187
0.124, 0.113393
0.128, 0.1136
0.132, 0.113808
0.136, 0.114016
0.14, 0.114226
0.144, 0.114436
0.148, 0.114647
0.152, 0.114859
0.156, 0.115072
0.16, 0.115286
0.164, 0.115501
0.168, 0.115717
0.172, 0.115933
0.176, 0.116151
0.18, 0.116369
0.184, 0.116589
0.188, 0.116809
0.192, 0.11703
0.196, 0.117252
0.2, 0.117476
0.204, 0.1177
0.208, 0.117925
0.212, 0.118151
0.216, 0.118378
0.22, 0.118606
0.224, 0.118835
0.228, 0.119065
0.232, 0.119296
0.236, 0.119528
0.24, 0.119761
0.244, 0.119995
0.248, 0.12023
0.252, 0.120466
0.256, 0.120703
0.26, 0.120941
0.264, 0.121181
0.268, 0.121421
0.272, 0.121662
0.276, 0.121904
0.28, 0.122148
0.284, 0.122392
0.288, 0.122638
0.292, 0.122885
0.296, 0.123132
0.3, 0.123381
0.304, 0.123631
0.308, 0.123882
0.312, 0.124135
0.316, 0.124388
0.32, 0.124643
0.324, 0.124898
0.328, 0.125155
0.332, 0.125413
0.336, 0.125672
0.34, 0.125932
0.344, 0.126194
0.348, 0.126457
0.352, 0.126721
0.356, 0.126986
0.36, 0.127252
0.364, 0.127519
0.368, 0.127788
0.372, 0.128058
0.376, 0.128329
0.38, 0.128601
0.384, 0.128875
0.388, 0.12915
0.392, 0.129426
0.396, 0.129703
0.4, 0.129982
0.404, 0.130262
0.408, 0.130543
0.412, 0.130825
0.416, 0.131109
0.42, 0.131394
0.424, 0.131681
0.428, 0.131969
0.432, 0.132258
0.436, 0.132548
0.44, 0.13284
0.444, 0.133134
0.448, 0.133429
0.452, 0.133725
0.456, 0.134022
0.46, 0.134322
0.464, 0.134622
0.468, 0.134924
0.472, 0.135227
0.476, 0.135532
0.48, 0.135839
0.484, 0.136146
0.488, 0.136456
0.492, 0.136767
0.496, 0.137079
0.5, 0.137393
0.504, 0.137708
0.508, 0.138025
0.512, 0.138344
0.516, 0.138664
0.52, 0.138985
0.524, 0.139308
0.528, 0.139633
0.532, 0.13996
0.536, 0.140288
0.54, 0.140617
0.544, 0.140949
0.548, 0.141282
0.552, 0.141616
0.556, 0.141953
0.56, 0.142291
0.564, 0.14263
0.568, 0.142972
0.572, 0.143315
0.576, 0.14366
0.58, 0.144006
0.584, 0.144355
0.588, 0.144705
0.592, 0.145057
0.596, 0.145411
0.6, 0.145767
0.604, 0.146124
0.608, 0.146483
0.612, 0.146845
0.616, 0.147208
0.62, 0.147573
0.624, 0.147939
0.628, 0.148308
0.632, 0.148679
0.636, 0.149052
0.64, 0.149426
0.644, 0.149803
0.648, 0.150181
0.652, 0.150562
0.656, 0.150944
0.66, 0.151329
0.664, 0.151716
0.668, 0.152104
0.672, 0.152495
0.676, 0.152888
0.68, 0.153283
0.684, 0.15368
0.688, 0.15408
0.692, 0.154481
0.696, 0.154885
0.7, 0.155291
0.704, 0.155699
0.708, 0.156109
0.712, 0.156521
0.716, 0.156936
0.72, 0.157353
0.724, 0.157772
0.728, 0.158194
0.732, 0.158618
0.736, 0.159044
0.74, 0.159473
0.744, 0.159904
0.748, 0.160337
0.752, 0.160773
0.756, 0.161211
0.76, 0.161652
0.764, 0.162095
0.768, 0.162541
0.772, 0.16299
0.776, 0.16344
0.78, 0.163894
0.784, 0.16435
0.788, 0.164809
0.792, 0.16527
0.796, 0.165734
0.8, 0.166201
0.804, 0.166671
0.808, 0.167143
0.812, 0.167618
0.816, 0.168095
0.82, 0.168576
0.824, 0.169059
0.828, 0.169545
0.832, 0.170034
0.836, 0.170526
0.84, 0.171021
0.844, 0.171518
0.848, 0.172019
0.852, 0.172523
0.856, 0.173029
0.86, 0.173539
0.864, 0.174052
0.868, 0.174568
0.872, 0.175087
0.876, 0.175609
0.88, 0.176135
0.884, 0.176663
0.888, 0.177195
0.892, 0.177731
0.896, 0.178269
0.9, 0.178811
0.904, 0.179356
0.908, 0.179905
0.912, 0.180457
0.916, 0.181012
0.92, 0.181571
0.924, 0.182134
0.928, 0.1827
0.932, 0.183269
0.936, 0.183843
0.94, 0.184419
0.944, 0.185
0.948, 0.185584
0.952, 0.186172
0.956, 0.186764
0.96, 0.18736
0.964, 0.187959
0.968, 0.188562
0.972, 0.189169
0.976, 0.18978
0.98, 0.190395
0.984, 0.191014
0.988, 0.191637
0.992, 0.192264
0.996, 0.192896
1, 0.193531
1.004, 0.194171
1.008, 0.194815
1.012, 0.195464
1.016, 0.196117
1.02, 0.196775
1.024, 0.197437
1.028, 0.198103
1.032, 0.198774
1.036, 0.19945
1.04, 0.200131
1.044, 0.200816
1.048, 0.201505
1.052, 0.2022
1.056, 0.202899
1.06, 0.203603
1.064, 0.204312
1.068, 0.205026
1.072, 0.205744
1.076, 0.206468
1.08, 0.207197
1.084, 0.207931
1.088, 0.20867
1.092, 0.209414
1.096, 0.210164
1.1, 0.21092
1.104, 0.21168
1.108, 0.212447
1.112, 0.213218
1.116, 0.213996
1.12, 0.214779
1.124, 0.215568
1.128, 0.216363
1.132, 0.217163
1.136, 0.21797
1.14, 0.218782
1.144, 0.2196
1.148, 0.220425
1.152, 0.221255
1.156, 0.222092
1.16, 0.222935
1.164, 0.223784
1.168, 0.22464
1.172, 0.225502
1.176, 0.226371
1.18, 0.227246
1.184, 0.228129
1.188, 0.229018
1.192, 0.229914
1.196, 0.230818
1.2, 0.231728
1.204, 0.232646
1.208, 0.233571
1.212, 0.234503
1.216, 0.235443
1.22, 0.23639
1.224, 0.237345
1.228, 0.238307
1.232, 0.239277
1.236, 0.240255
1.24, 0.241241
1.244, 0.242235
1.248, 0.243237
1.252, 0.244247
1.256, 0.245266
1.26, 0.246293
1.264, 0.247329
1.268, 0.248373
1.272, 0.249425
1.276, 0.250486
1.28, 0.251556
1.284, 0.252635
1.288, 0.253724
1.292, 0.254823
1.296, 0.255931
1.3, 0.257049
1.304, 0.258176
1.308, 0.259313
1.312, 0.26046
1.316, 0.261617
1.32, 0.262783
1.324, 0.26396
1.328, 0.265147
1.332, 0.266344
1.336, 0.267552
1.34, 0.268771
1.344, 0.270001
1.348, 0.271241
1.352, 0.272494
1.356, 0.273758
1.36, 0.275034
1.364, 0.276321
1.368, 0.277621
1.372, 0.278933
1.376, 0.280256
1.38, 0.281592
1.384, 0.282941
1.388, 0.284302
1.392, 0.285676
1.396, 0.287063
1.4, 0.288463
1.404, 0.289877
1.408, 0.291304
1.412, 0.292744
1.416, 0.294199
1.42, 0.295669
1.424, 0.297153
1.428, 0.298651
1.432, 0.300165
1.436, 0.301693
1.44, 0.303237
1.444, 0.304796
1.448, 0.306371
1.452, 0.307961
1.456, 0.309567
1.46, 0.31119
1.464, 0.312829
1.468, 0.314484
1.472, 0.316157
1.476, 0.317847
1.48, 0.319554
1.484, 0.321279
1.488, 0.323022
1.492, 0.324784
1.496, 0.326564
1.5, 0.328363
1.504, 0.330182
1.508, 0.332021
1.512, 0.333881
1.516, 0.335761
1.52, 0.337663
1.524, 0.339585
1.528, 0.341528
1.532, 0.343492
1.536, 0.345479
1.54, 0.347489
1.544, 0.349522
1.548, 0.351578
1.552, 0.353657
1.556, 0.35576
1.56, 0.357887
1.564, 0.360036
1.568, 0.36221
1.572, 0.36441
1.576, 0.366636
1.58, 0.368887
1.584, 0.371167
1.588, 0.373475
1.592, 0.37581
1.596, 0.378175
1.6, 0.380568
1.604, 0.382992
1.608, 0.385445
1.612, 0.387929
1.616, 0.390443
1.62, 0.392989
1.624, 0.395566
1.628, 0.398177
1.632, 0.400821
1.636, 0.403498
1.64, 0.406211
1.644, 0.408959
1.648, 0.411743
1.652, 0.414565
1.656, 0.417425
1.66, 0.420323
1.664, 0.423261
1.668, 0.426239
1.672, 0.429257
1.676, 0.432316
1.68, 0.435415
1.684, 0.438557
1.688, 0.441742
1.692, 0.444971
1.696, 0.448245
1.7, 0.451566
1.704, 0.454935
1.708, 0.458354
1.712, 0.461824
1.716, 0.465344
1.72, 0.468919
1.724, 0.472547
1.728, 0.476231
1.732, 0.479972
1.736, 0.48377
1.74, 0.487625
1.744, 0.49154
1.748, 0.495515
1.752, 0.499553
1.756, 0.503654
1.76, 0.50782
1.764, 0.512053
1.768, 0.516352
1.772, 0.520718
1.776, 0.525156
1.78, 0.529667
1.784, 0.53425
1.788, 0.538912
1.792, 0.543655
1.796, 0.54848
1.8, 0.553389
1.804, 0.558384
1.808, 0.563468
1.812, 0.568642
1.816, 0.573911
1.82, 0.579276
1.824, 0.584739
1.828, 0.590303
1.832, 0.59597
1.836, 0.601749
1.84, 0.60764
1.844, 0.613642
1.848, 0.619744
1.852, 0.625961
1.856, 0.632307
1.86, 0.638787
1.864, 0.645403
1.868, 0.65216
1.872, 0.659056
1.876, 0.666092
1.88, 0.673276
1.884, 0.68062
1.888, 0.688124
1.892, 0.695789
1.896, 0.70361
1.9, 0.711595
1.904, 0.719788
1.908, 0.728177
1.912, 0.736764
1.916, 0.745549
1.92, 0.754539
1.924, 0.76374
1.928, 0.77317
1.932, 0.782846
1.936, 0.792784
1.94, 0.802993
1.944, 0.813478
1.948, 0.82425
1.952, 0.835327
1.956, 0.846713
1.96, 0.858435
1.964, 0.870509
1.968, 0.882955
1.972, 0.895796
1.976, 0.909046
1.98, 0.922747
1.984, 0.936944
1.988, 0.951705
1.992, 0.967039
1.996, 0.98306
