# b/R, abs(apm)/app, R = 6.38
0, nan
0.004, 0.107566
0.008, 0.107749
0.012, 0.107932
0.016, 0.108117
0.02, 0.108302
0.024, 0.108488
0.028, 0.108675
0.032, 0.108862
0.036, 0.10905
0.04, 0.109239
0.044, 0.109429
0.048, 0.109619
0.052, 0.109811
0.056, 0.110003
0.06, 0.110196
0.064, 0.110389
0.068, 0.110584
0.072, 0.110779
0.076, 0.110975
0.08, 0.111172
0.084, 0.111369
0.088, 0.111568
0.092, 0.111767
0.096, 0.111967
0.1, 0.112168
0.104, 0.11237
0.108, 0.112572
0.112, 0.112776
0.116, 0.11298
0.12, 0.113185
0.124, 0.113391
0.128, 0.113598
0.132, 0.113806
0.136, 0.114014
0.14, 0.114224
0.144, 0.114434
0.148, 0.114645
0.152, 0.114857
0.156, 0.11507
0.16, 0.115284
0.164, 0.115499
0.168, 0.115715
0.172, 0.115932
0.176, 0.116149
0.18, 0.116368
0.184, 0.116587
0.188, 0.116807
0.192, 0.117029
0.196, 0.117251
0.2, 0.117474
0.204, 0.117698
0.208, 0.117923
0.212, 0.11815
0.216, 0.118377
0.22, 0.118605
0.224, 0.118834
0.228, 0.119064
0.232, 0.119295
0.236, 0.119527
0.24, 0.11976
0.244, 0.119994
0.248, 0.120229
0.252, 0.120465
0.256, 0.120702
0.26, 0.120941
0.264, 0.12118
0.268, 0.12142
0.272, 0.121661
0.276, 0.121904
0.28, 0.122147
0.284, 0.122392
0.288, 0.122637
0.292, 0.122884
0.296, 0.123132
0.3, 0.123381
0.304, 0.123631
0.308, 0.123882
0.312, 0.124134
0.316, 0.124387
0.32, 0.124642
0.324, 0.124897
0.328, 0.125154
0.332, 0.125412
0.336, 0.125671
0.34, 0.125931
0.344, 0.126193
0.348, 0.126455
0.352, 0.126719
0.356, 0.126984
0.36, 0.12725
0.364, 0.127518
0.368, 0.127786
0.372, 0.128056
0.376, 0.128327
0.38, 0.1286
0.384, 0.128873
0.388, 0.129148
0.392, 0.129424
0.396, 0.129702
0.4, 0.129981
0.404, 0.130261
0.408, 0.130542
0.412, 0.130825
0.416, 0.131109
0.42, 0.131394
0.424, 0.13168
0.428, 0.131969
0.432, 0.132258
0.436, 0.132549
0.44, 0.132841
0.444, 0.133134
0.448, 0.133429
0.452, 0.133725
0.456, 0.134023
0.46, 0.134322
0.464, 0.134623
0.468, 0.134925
0.472, 0.135228
0.476, 0.135533
0.48, 0.135839
0.484, 0.136147
0.488, 0.136457
0.492, 0.136767
0.496, 0.13708
0.5, 0.137394
0.504, 0.137709
0.508, 0.138026
0.512, 0.138344
0.516, 0.138664
0.52, 0.138986
0.524, 0.139309
0.528, 0.139634
0.532, 0.13996
0.536, 0.140288
0.54, 0.140618
0.544, 0.140949
0.548, 0.141282
0.552, 0.141617
0.556, 0.141954
0.56, 0.142292
0.564, 0.142631
0.568, 0.142973
0.572, 0.143316
0.576, 0.143661
0.58, 0.144008
0.584, 0.144356
0.588, 0.144707
0.592, 0.145059
0.596, 0.145412
0.6, 0.145768
0.604, 0.146126
0.608, 0.146485
0.612, 0.146846
0.616, 0.147209
0.62, 0.147574
0.624, 0.147941
0.628, 0.14831
0.632, 0.148681
0.636, 0.149053
0.64, 0.149428
0.644, 0.149804
0.648, 0.150183
0.652, 0.150564
0.656, 0.150946
0.66, 0.151331
0.664, 0.151718
0.668, 0.152107
0.672, 0.152498
0.676, 0.152891
0.68, 0.153286
0.684, 0.153683
0.688, 0.154082
0.692, 0.154484
0.696, 0.154888
0.7, 0.155294
0.704, 0.155702
0.708, 0.156112
0.712, 0.156525
0.716, 0.15694
0.72, 0.157357
0.724, 0.157776
0.728, 0.158198
0.732, 0.158622
0.736, 0.159048
0.74, 0.159477
0.744, 0.159908
0.748, 0.160342
0.752, 0.160778
0.756, 0.161216
0.76, 0.161657
0.764, 0.1621
0.768, 0.162546
0.772, 0.162994
0.776, 0.163445
0.78, 0.163898
0.784, 0.164354
0.788, 0.164813
0.792, 0.165274
0.796, 0.165738
0.8, 0.166204
0.804, 0.166674
0.808, 0.167146
0.812, 0.16762
0.816, 0.168098
0.82, 0.168578
0.824, 0.169061
0.828, 0.169547
0.832, 0.170035
0.836, 0.170527
0.84, 0.171021
0.844, 0.171519
0.848, 0.172019
0.852, 0.172523
0.856, 0.173029
0.86, 0.173539
0.864, 0.174052
0.868, 0.174567
0.872, 0.175086
0.876, 0.175608
0.88, 0.176134
0.884, 0.176662
0.888, 0.177194
0.892, 0.177729
0.896, 0.178267
0.9, 0.178809
0.904, 0.179354
0.908, 0.179903
0.912, 0.180454
0.916, 0.18101
0.92, 0.181569
0.924, 0.182131
0.928, 0.182697
0.932, 0.183267
0.936, 0.18384
0.94, 0.184417
0.944, 0.184998
0.948, 0.185582
0.952, 0.18617
0.956, 0.186762
0.96, 0.187357
0.964, 0.187957
0.968, 0.18856
0.972, 0.189167
0.976, 0.189778
0.98, 0.190393
0.984, 0.191012
0.988, 0.191635
0.992, 0.192263
0.996, 0.192894
1, 0.19353
1.004, 0.19417
1.008, 0.194815
1.012, 0.195464
1.016, 0.196117
1.02, 0.196774
1.024, 0.197436
1.028, 0.198103
1.032, 0.198774
1.036, 0.199449
1.04, 0.200129
1.044, 0.200814
1.048, 0.201504
1.052, 0.202198
1.056, 0.202897
1.06, 0.203601
1.064, 0.20431
1.068, 0.205024
1.072, 0.205743
1.076, 0.206467
1.08, 0.207196
1.084, 0.20793
1.088, 0.208669
1.092, 0.209414
1.096, 0.210164
1.1, 0.21092
1.104, 0.211681
1.108, 0.212447
1.112, 0.213219
1.116, 0.213997
1.12, 0.21478
1.124, 0.215569
1.128, 0.216364
1.132, 0.217164
1.136, 0.217971
1.14, 0.218783
1.144, 0.219602
1.148, 0.220426
1.152, 0.221257
1.156, 0.222094
1.16, 0.222937
1.164, 0.223786
1.168, 0.224642
1.172, 0.225505
1.176, 0.226374
1.18, 0.22725
1.184, 0.228133
1.188, 0.229023
1.192, 0.229919
1.196, 0.230823
1.2, 0.231733
1.204, 0.232651
1.208, 0.233576
1.212, 0.234509
1.216, 0.235449
1.22, 0.236397
1.224, 0.237352
1.228, 0.238315
1.232, 0.239285
1.236, 0.240264
1.24, 0.24125
1.244, 0.242244
1.248, 0.243246
1.252, 0.244256
1.256, 0.245274
1.26, 0.2463
1.264, 0.247336
1.268, 0.24838
1.272, 0.249432
1.276, 0.250494
1.28, 0.251564
1.284, 0.252644
1.288, 0.253733
1.292, 0.254831
1.296, 0.255939
1.3, 0.257056
1.304, 0.258183
1.308, 0.259319
1.312, 0.260466
1.316, 0.261623
1.32, 0.262789
1.324, 0.263966
1.328, 0.265153
1.332, 0.266351
1.336, 0.26756
1.34, 0.268779
1.344, 0.270009
1.348, 0.271251
1.352, 0.272504
1.356, 0.273768
1.36, 0.275044
1.364, 0.276331
1.368, 0.277631
1.372, 0.278942
1.376, 0.280266
1.38, 0.281602
1.384, 0.28295
1.388, 0.284311
1.392, 0.285685
1.396, 0.287072
1.4, 0.288472
1.404, 0.289886
1.408, 0.291313
1.412, 0.292754
1.416, 0.294209
1.42, 0.295678
1.424, 0.297162
1.428, 0.29866
1.432, 0.300172
1.436, 0.3017
1.44, 0.303242
1.444, 0.304801
1.448, 0.306375
1.452, 0.307964
1.456, 0.30957
1.46, 0.311192
1.464, 0.312831
1.468, 0.314488
1.472, 0.316161
1.476, 0.317852
1.48, 0.319561
1.484, 0.321288
1.488, 0.323032
1.492, 0.324795
1.496, 0.326577
1.5, 0.328378
1.504, 0.330198
1.508, 0.332037
1.512, 0.333897
1.516, 0.335776
1.52, 0.337677
1.524, 0.339598
1.528, 0.341541
1.532, 0.343506
1.536, 0.345492
1.54, 0.347501
1.544, 0.349533
1.548, 0.351588
1.552, 0.353666
1.556, 0.355768
1.56, 0.357895
1.564, 0.360046
1.568, 0.362222
1.572, 0.364424
1.576, 0.366652
1.58, 0.368906
1.584, 0.371188
1.588, 0.373497
1.592, 0.375833
1.596, 0.378199
1.6, 0.380593
1.604, 0.383017
1.608, 0.385471
1.612, 0.387954
1.616, 0.390469
1.62, 0.393015
1.624, 0.395594
1.628, 0.398205
1.632, 0.40085
1.636, 0.403528
1.64, 0.406241
1.644, 0.408989
1.648, 0.411772
1.652, 0.414593
1.656, 0.417451
1.66, 0.420347
1.664, 0.423283
1.668, 0.426258
1.672, 0.429273
1.676, 0.432331
1.68, 0.435431
1.684, 0.438575
1.688, 0.441763
1.692, 0.444995
1.696, 0.448273
1.7, 0.451598
1.704, 0.45497
1.708, 0.45839
1.712, 0.461861
1.716, 0.465382
1.72, 0.468956
1.724, 0.472584
1.728, 0.476268
1.732, 0.480007
1.736, 0.483803
1.74, 0.487656
1.744, 0.49157
1.748, 0.495544
1.752, 0.499581
1.756, 0.503681
1.76, 0.507845
1.764, 0.512074
1.768, 0.516371
1.772, 0.520737
1.776, 0.525175
1.78, 0.529685
1.784, 0.534269
1.788, 0.538931
1.792, 0.543673
1.796, 0.548498
1.8, 0.553409
1.804, 0.558408
1.808, 0.563496
1.812, 0.568676
1.816, 0.573951
1.82, 0.579319
1.824, 0.584783
1.828, 0.590347
1.832, 0.596012
1.836, 0.601778
1.84, 0.607655
1.844, 0.61364
1.848, 0.619745
1.852, 0.62597
1.856, 0.632321
1.86, 0.638799
1.864, 0.645412
1.868, 0.652158
1.872, 0.659044
1.876, 0.666074
1.88, 0.673254
1.884, 0.680592
1.888, 0.688097
1.892, 0.695772
1.896, 0.703618
1.9, 0.711637
1.904, 0.719832
1.908, 0.72821
1.912, 0.736783
1.916, 0.745557
1.92, 0.754545
1.924, 0.763757
1.928, 0.7732
1.932, 0.782884
1.936, 0.792832
1.94, 0.803043
1.944, 0.813526
1.948, 0.824283
1.952, 0.835338
1.956, 0.846719
1.96, 0.858437
1.964, 0.870509
1.968, 0.882959
1.972, 0.895793
1.976, 0.909033
1.98, 0.922751
1.984, 0.936963
1.988, 0.951695
1.992, 0.967036
1.996, 0.983061
