# b/R, abs(apm)/app, R = 6.38
0, nan
0.004, 0.107565
0.008, 0.107748
0.012, 0.107931
0.016, 0.108116
0.02, 0.108301
0.024, 0.108487
0.028, 0.108674
0.032, 0.108861
0.036, 0.109049
0.04, 0.109238
0.044, 0.109428
0.048, 0.109618
0.052, 0.10981
0.056, 0.110002
0.06, 0.110195
0.064, 0.110388
0.068, 0.110583
0.072, 0.110778
0.076, 0.110974
0.08, 0.111171
0.084, 0.111369
0.088, 0.111567
0.092, 0.111766
0.096, 0.111966
0.1, 0.112167
0.104, 0.112369
0.108, 0.112572
0.112, 0.112775
0.116, 0.11298
0.12, 0.113185
0.124, 0.113391
0.128, 0.113597
0.132, 0.113805
0.136, 0.114014
0.14, 0.114223
0.144, 0.114434
0.148, 0.114645
0.152, 0.114857
0.156, 0.11507
0.16, 0.115284
0.164, 0.115499
0.168, 0.115714
0.172, 0.115931
0.176, 0.116149
0.18, 0.116367
0.184, 0.116586
0.188, 0.116807
0.192, 0.117028
0.196, 0.11725
0.2, 0.117473
0.204, 0.117698
0.208, 0.117923
0.212, 0.118149
0.216, 0.118376
0.22, 0.118604
0.224, 0.118833
0.228, 0.119063
0.232, 0.119294
0.236, 0.119526
0.24, 0.119759
0.244, 0.119993
0.248, 0.120228
0.252, 0.120464
0.256, 0.120701
0.26, 0.120939
0.264, 0.121178
0.268, 0.121419
0.272, 0.12166
0.276, 0.121902
0.28, 0.122146
0.284, 0.12239
0.288, 0.122636
0.292, 0.122882
0.296, 0.12313
0.3, 0.123379
0.304, 0.123629
0.308, 0.12388
0.312, 0.124132
0.316, 0.124386
0.32, 0.12464
0.324, 0.124896
0.328, 0.125153
0.332, 0.125411
0.336, 0.12567
0.34, 0.12593
0.344, 0.126192
0.348, 0.126454
0.352, 0.126718
0.356, 0.126983
0.36, 0.127249
0.364, 0.127517
0.368, 0.127785
0.372, 0.128055
0.376, 0.128327
0.38, 0.128599
0.384, 0.128873
0.388, 0.129148
0.392, 0.129424
0.396, 0.129701
0.4, 0.12998
0.404, 0.13026
0.408, 0.130541
0.412, 0.130824
0.416, 0.131108
0.42, 0.131393
0.424, 0.13168
0.428, 0.131968
0.432, 0.132257
0.436, 0.132548
0.44, 0.13284
0.444, 0.133134
0.448, 0.133429
0.452, 0.133725
0.456, 0.134022
0.46, 0.134322
0.464, 0.134622
0.468, 0.134924
0.472, 0.135227
0.476, 0.135532
0.48, 0.135839
0.484, 0.136146
0.488, 0.136456
0.492, 0.136766
0.496, 0.137079
0.5, 0.137393
0.504, 0.137708
0.508, 0.138025
0.512, 0.138343
0.516, 0.138663
0.52, 0.138985
0.524, 0.139308
0.528, 0.139632
0.532, 0.139959
0.536, 0.140287
0.54, 0.140616
0.544, 0.140948
0.548, 0.141281
0.552, 0.141615
0.556, 0.141951
0.56, 0.142289
0.564, 0.142629
0.568, 0.14297
0.572, 0.143313
0.576, 0.143658
0.58, 0.144005
0.584, 0.144353
0.588, 0.144703
0.592, 0.145055
0.596, 0.145409
0.6, 0.145764
0.604, 0.146122
0.608, 0.146481
0.612, 0.146842
0.616, 0.147205
0.62, 0.14757
0.624, 0.147937
0.628, 0.148305
0.632, 0.148676
0.636, 0.149049
0.64, 0.149423
0.644, 0.1498
0.648, 0.150178
0.652, 0.150559
0.656, 0.150941
0.66, 0.151326
0.664, 0.151713
0.668, 0.152101
0.672, 0.152492
0.676, 0.152885
0.68, 0.15328
0.684, 0.153677
0.688, 0.154076
0.692, 0.154478
0.696, 0.154881
0.7, 0.155287
0.704, 0.155695
0.708, 0.156105
0.712, 0.156518
0.716, 0.156933
0.72, 0.15735
0.724, 0.157769
0.728, 0.158191
0.732, 0.158615
0.736, 0.159041
0.74, 0.15947
0.744, 0.159901
0.748, 0.160334
0.752, 0.16077
0.756, 0.161209
0.76, 0.16165
0.764, 0.162093
0.768, 0.162539
0.772, 0.162987
0.776, 0.163438
0.78, 0.163892
0.784, 0.164348
0.788, 0.164807
0.792, 0.165268
0.796, 0.165732
0.8, 0.166199
0.804, 0.166669
0.808, 0.167141
0.812, 0.167616
0.816, 0.168093
0.82, 0.168574
0.824, 0.169057
0.828, 0.169543
0.832, 0.170032
0.836, 0.170524
0.84, 0.171019
0.844, 0.171517
0.848, 0.172017
0.852, 0.172521
0.856, 0.173027
0.86, 0.173537
0.864, 0.17405
0.868, 0.174566
0.872, 0.175085
0.876, 0.175607
0.88, 0.176132
0.884, 0.176661
0.888, 0.177193
0.892, 0.177728
0.896, 0.178266
0.9, 0.178808
0.904, 0.179353
0.908, 0.179901
0.912, 0.180453
0.916, 0.181008
0.92, 0.181567
0.924, 0.182129
0.928, 0.182695
0.932, 0.183265
0.936, 0.183838
0.94, 0.184414
0.944, 0.184995
0.948, 0.185579
0.952, 0.186167
0.956, 0.186758
0.96, 0.187354
0.964, 0.187953
0.968, 0.188556
0.972, 0.189164
0.976, 0.189775
0.98, 0.19039
0.984, 0.191009
0.988, 0.191633
0.992, 0.19226
0.996, 0.192892
1, 0.193527
1.004, 0.194167
1.008, 0.194812
1.012, 0.19546
1.016, 0.196113
1.02, 0.196771
1.024, 0.197433
1.028, 0.198099
1.032, 0.19877
1.036, 0.199446
1.04, 0.200126
1.044, 0.200811
1.048, 0.201501
1.052, 0.202195
1.056, 0.202894
1.06, 0.203598
1.064, 0.204307
1.068, 0.205021
1.072, 0.20574
1.076, 0.206464
1.08, 0.207193
1.084, 0.207927
1.088, 0.208666
1.092, 0.209411
1.096, 0.210161
1.1, 0.210916
1.104, 0.211677
1.108, 0.212443
1.112, 0.213215
1.116, 0.213993
1.12, 0.214776
1.124, 0.215565
1.128, 0.216359
1.132, 0.21716
1.136, 0.217966
1.14, 0.218779
1.144, 0.219597
1.148, 0.220422
1.152, 0.221252
1.156, 0.222089
1.16, 0.222933
1.164, 0.223782
1.168, 0.224639
1.172, 0.225502
1.176, 0.226371
1.18, 0.227247
1.184, 0.22813
1.188, 0.22902
1.192, 0.229916
1.196, 0.23082
1.2, 0.231731
1.204, 0.232648
1.208, 0.233574
1.212, 0.234506
1.216, 0.235446
1.22, 0.236393
1.224, 0.237348
1.228, 0.23831
1.232, 0.23928
1.236, 0.240258
1.24, 0.241244
1.244, 0.242238
1.248, 0.24324
1.252, 0.244251
1.256, 0.245269
1.26, 0.246296
1.264, 0.247332
1.268, 0.248376
1.272, 0.249429
1.276, 0.250491
1.28, 0.251562
1.284, 0.252641
1.288, 0.25373
1.292, 0.254829
1.296, 0.255936
1.3, 0.257053
1.304, 0.25818
1.308, 0.259317
1.312, 0.260463
1.316, 0.26162
1.32, 0.262787
1.324, 0.263964
1.328, 0.265152
1.332, 0.26635
1.336, 0.267559
1.34, 0.268778
1.344, 0.270009
1.348, 0.27125
1.352, 0.272503
1.356, 0.273768
1.36, 0.275043
1.364, 0.276331
1.368, 0.27763
1.372, 0.278941
1.376, 0.280265
1.38, 0.2816
1.384, 0.282949
1.388, 0.284309
1.392, 0.285683
1.396, 0.28707
1.4, 0.28847
1.404, 0.289883
1.408, 0.291311
1.412, 0.292751
1.416, 0.294206
1.42, 0.295675
1.424, 0.297159
1.428, 0.298657
1.432, 0.300169
1.436, 0.301697
1.44, 0.303239
1.444, 0.304797
1.448, 0.306371
1.452, 0.307961
1.456, 0.309566
1.46, 0.311189
1.464, 0.312828
1.468, 0.314484
1.472, 0.316157
1.476, 0.317848
1.48, 0.319556
1.484, 0.321282
1.488, 0.323027
1.492, 0.32479
1.496, 0.326572
1.5, 0.328373
1.504, 0.330194
1.508, 0.332034
1.512, 0.333894
1.516, 0.335775
1.52, 0.337676
1.524, 0.339598
1.528, 0.341541
1.532, 0.343506
1.536, 0.345493
1.54, 0.347502
1.544, 0.349534
1.548, 0.351589
1.552, 0.353667
1.556, 0.355769
1.56, 0.357895
1.564, 0.360045
1.568, 0.36222
1.572, 0.364421
1.576, 0.366647
1.58, 0.368901
1.584, 0.371181
1.588, 0.373488
1.592, 0.375823
1.596, 0.378188
1.6, 0.380581
1.604, 0.383003
1.608, 0.385456
1.612, 0.387939
1.616, 0.390454
1.62, 0.393
1.624, 0.395578
1.628, 0.398189
1.632, 0.400834
1.636, 0.403512
1.64, 0.406226
1.644, 0.408974
1.648, 0.411759
1.652, 0.414581
1.656, 0.417439
1.66, 0.420336
1.664, 0.423273
1.668, 0.42625
1.672, 0.429267
1.676, 0.432325
1.68, 0.435425
1.684, 0.438568
1.688, 0.441755
1.692, 0.444987
1.696, 0.448264
1.7, 0.451587
1.704, 0.454958
1.708, 0.458377
1.712, 0.461847
1.716, 0.465368
1.72, 0.468941
1.724, 0.47257
1.728, 0.476254
1.732, 0.479993
1.736, 0.483789
1.74, 0.487643
1.744, 0.491556
1.748, 0.49553
1.752, 0.499566
1.756, 0.503665
1.76, 0.507829
1.764, 0.51206
1.768, 0.516359
1.772, 0.520728
1.776, 0.525169
1.78, 0.529683
1.784, 0.534273
1.788, 0.538942
1.792, 0.54369
1.796, 0.548519
1.8, 0.553434
1.804, 0.558433
1.808, 0.56352
1.812, 0.568697
1.816, 0.573966
1.82, 0.57933
1.824, 0.584791
1.828, 0.590352
1.832, 0.596017
1.836, 0.601785
1.84, 0.607663
1.844, 0.613656
1.848, 0.619767
1.852, 0.625997
1.856, 0.632352
1.86, 0.638835
1.864, 0.645449
1.868, 0.652196
1.872, 0.659083
1.876, 0.666117
1.88, 0.673303
1.884, 0.680644
1.888, 0.688141
1.892, 0.695796
1.896, 0.70362
1.9, 0.711615
1.904, 0.719791
1.908, 0.728165
1.912, 0.736743
1.916, 0.745528
1.92, 0.754527
1.924, 0.763751
1.928, 0.773208
1.932, 0.782901
1.936, 0.792842
1.94, 0.803046
1.944, 0.813529
1.948, 0.824299
1.952, 0.835366
1.956, 0.846737
1.96, 0.858443
1.964, 0.870509
1.968, 0.882947
1.972, 0.895776
1.976, 0.909027
1.98, 0.922733
1.984, 0.936946
1.988, 0.951698
1.992, 0.967039
1.996, 0.983064
